10
37  1  6  44
  10  17   1   ah
  11  16   1   bg
  12  17   1   ch
  12  18   1   ci
  12  19   1   cj
  13  19   1   dj
  13  20   1   dk
  14  20   1   ek
  15  20   1   fk
  15  21   1   fl
  16  22   1   gm
  16  23   1   gn
  17  24   1   ho
  18  23   1   in
  18  25   1   ip
  19  25   1   jp
  19  26   1   jq
  20  26   1   kq
  21  26   1   lq
  21  27   1   lr
  22  28   1   ms
  23  28   1   ns
  23  29   1   nt
  24  30   1   ou
  24  31   1   ov
  25  31   1   pv
  26  33   1   qx
  27  32   1   rw
  27  33   1   rx
  28  34   1   sy
  29  34   1   ty
  30  35   1   uz
  30  37   1   u2
  31  36   1   v1
  31  37   1   v2
  31  38   1   v3
  32  37   1   w2
  32  39   1   w4
  33  38   1
  33  39   1   x4
  34  41   1   y6
  35  40   1   z5
  35  41   1   z6
  36  42   1   17
  36  43   1
  37  44   0   29
  38  44   1   39
  38  45   1   30
  39  44   1   49
  39  45   1
999
06
24   2  5  33
  10  16   1   ag
  11  15   1   bf
  11  16   1   bg
  12  17   1   ch
  12  18   1   ci
  13  18   1   di
  13  19   1   dj
  14  19   1   ej
  15  20   1   fk
  16  21   1   gl
  16  22   1   gm
  17  21   1   hl
  17  23   1   hn
  18  23   1   in
  19  23   1   jn
  19  24   1   jo
  20  26   1   kq
  21  25   1   lp
  21  26   1   lq
  22  27   1   mr
  23  27   1   nr
  23  28   1   ns
  23  29   1   nt
  24  29   0   ot
  25  30   1   pu
  26  31   1   qv
  27  32   1   rw
  27  33   1   rx
  28  33   1   sx
  29  33   0   tx
  28  34   1   sy
999
888
